# oST version 5.0 parameters


[image]

width
1080

height
1080

[narrow_stereo]

camera matrix
2394.908710 0.000000 690.304621
0.000000 2395.124352 530.389076
0.000000 0.000000 1.000000

distortion
-0.031623 -0.036022 -0.004409 -0.002115 0.000000

rectification
1.000000 0.000000 0.000000
0.000000 1.000000 0.000000
0.000000 0.000000 1.000000

projection
2390.719238 0.000000 689.403972 0.000000
0.000000 2388.906494 528.181216 0.000000
0.000000 0.000000 1.000000 0.000000
