# oST version 5.0 parameters


[image]

width
1000

height
1000

[narrow_stereo]

camera matrix
2376.619839 0.000000 742.782333
0.000000 2378.181170 554.249035
0.000000 0.000000 1.000000

distortion
-0.031696 0.133747 -0.000740 -0.000682 0.000000

rectification
1.000000 0.000000 0.000000
0.000000 1.000000 0.000000
0.000000 0.000000 1.000000

projection
2372.803467 0.000000 742.051671 0.000000
0.000000 2373.737793 553.474473 0.000000
0.000000 0.000000 1.000000 0.000000
